file                     format  type    num_seqs        sum_len  min_len  avg_len  max_len
01_017_A_S15.R1.fq.gz    FASTQ   DNA   10,058,878  1,066,541,847       35      106      151
01_018_A_S16.R1.fq.gz    FASTQ   DNA      437,911     48,652,777       35    111.1      151
01_020_A_S17.R1.fq.gz    FASTQ   DNA    1,348,901    146,477,005       35    108.6      151
01_021_A_S18.R1.fq.gz    FASTQ   DNA   10,996,765  1,209,867,752       35      110      151
01_021_B1_S24.R1.fq.gz   FASTQ   DNA   11,946,005  1,304,711,088       35    109.2      151
01_021_B2_S25.R1.fq.gz   FASTQ   DNA    5,799,096    652,537,105       35    112.5      151
01_021_B3_S26.R1.fq.gz   FASTQ   DNA      606,933     66,742,845       35      110      151
01_022_A_S19.R1.fq.gz    FASTQ   DNA    1,003,149    109,837,775       35    109.5      151
01_023_A_S20.R1.fq.gz    FASTQ   DNA    1,870,035    201,841,875       35    107.9      151
01_023_B_S27.R1.fq.gz    FASTQ   DNA    1,479,073    160,398,289       35    108.4      151
01_024_A1_S21.R1.fq.gz   FASTQ   DNA    5,776,323    657,720,970       35    113.9      151
01_024_A2_S22.R1.fq.gz   FASTQ   DNA    7,839,782    856,199,585       35    109.2      151
01_025_A_S23.R1.fq.gz    FASTQ   DNA    3,803,343    416,712,715       35    109.6      151
01_025_B2_S28.R1.fq.gz   FASTQ   DNA   27,704,190  3,155,432,180       35    113.9      151
01_026_B_S29.R1.fq.gz    FASTQ   DNA   10,083,959  1,096,422,733       35    108.7      151
01_02_A_S1.R1.fq.gz      FASTQ   DNA    9,470,273  1,052,162,445       35    111.1      151
01_03_A_S2.R1.fq.gz      FASTQ   DNA      995,105    106,723,185       35    107.2      151
01_04_A_S3.R1.fq.gz      FASTQ   DNA      830,059     91,162,172       35    109.8      151
01_05_A_S4.R1.fq.gz      FASTQ   DNA      421,716     43,946,102       35    104.2      151
01_06_A_S5.R1.fq.gz      FASTQ   DNA    4,510,322    417,094,021       35     92.5      151
01_07_A_S6.R1.fq.gz      FASTQ   DNA    1,880,465    205,651,669       35    109.4      151
01_08_A_S7.R1.fq.gz      FASTQ   DNA    5,459,561    627,927,096       35      115      151
01_10_A_S8.R1.fq.gz      FASTQ   DNA    1,581,052    173,224,641       35    109.6      151
01_12_A_S9.R1.fq.gz      FASTQ   DNA    3,017,700    348,745,991       35    115.6      151
01_13_A_S10.R1.fq.gz     FASTQ   DNA      154,613     16,267,385       35    105.2      151
01_13_B1_S12.R1.fq.gz    FASTQ   DNA    7,584,900    837,628,306       35    110.4      151
01_15_A_S11.R1.fq.gz     FASTQ   DNA    1,539,052    174,303,934       35    113.3      151
01_20_B1_S13.R1.fq.gz    FASTQ   DNA    5,165,888    570,443,640       35    110.4      151
01_20_B2_S14.R1.fq.gz    FASTQ   DNA    2,828,302    318,622,385       35    112.7      151
02_002_A_S159.R1.fq.gz   FASTQ   DNA    5,608,329    623,005,169       35    111.1      151
02_003_A_S158.R1.fq.gz   FASTQ   DNA    5,757,405    635,798,166       35    110.4      151
02_004_A_S157.R1.fq.gz   FASTQ   DNA    1,603,505    173,920,281       35    108.5      151
02_005_A_S156.R1.fq.gz   FASTQ   DNA    2,347,678    259,173,139       35    110.4      151
02_006_A_S155.R1.fq.gz   FASTQ   DNA    1,255,228    135,556,345       35      108      151
02_007_A_S160.R1.fq.gz   FASTQ   DNA    5,704,723    644,188,026       35    112.9      151
02_008_A_S161.R1.fq.gz   FASTQ   DNA    7,808,691    850,589,943       35    108.9      151
02_011_A_S162.R1.fq.gz   FASTQ   DNA    6,050,392    669,979,849       35    110.7      151
02_012_A_S163.R1.fq.gz   FASTQ   DNA    3,488,688    377,308,876       35    108.2      151
02_013_A_S164.R1.fq.gz   FASTQ   DNA    4,143,169    467,679,719       35    112.9      151
02_014_A_S165.R1.fq.gz   FASTQ   DNA    6,104,883    667,485,044       35    109.3      151
02_014_B_S166.R1.fq.gz   FASTQ   DNA    4,332,775    480,021,562       35    110.8      151
02_015_A_S167.R1.fq.gz   FASTQ   DNA    7,964,160    874,548,666       35    109.8      151
02_015_B_S178.R1.fq.gz   FASTQ   DNA   21,993,584  2,439,773,939       35    110.9      151
02_016_A_S177.R1.fq.gz   FASTQ   DNA       96,508     10,708,325       35      111      151
02_019_A_S176.R1.fq.gz   FASTQ   DNA    8,890,262    972,366,227       35    109.4      151
02_019_B_S175.R1.fq.gz   FASTQ   DNA    1,018,996    109,406,298       35    107.4      151
02_020_A_S174.R1.fq.gz   FASTQ   DNA    3,062,501    324,697,368       35      106      151
02_021_A_S173.R1.fq.gz   FASTQ   DNA    7,298,547    821,068,280       35    112.5      151
02_023_A_S172.R1.fq.gz   FASTQ   DNA    6,539,654    697,091,597       35    106.6      151
02_026_A_S171.R1.fq.gz   FASTQ   DNA    7,461,156    804,769,197       35    107.9      151
02_029_A_S170.R1.fq.gz   FASTQ   DNA    5,596,395    609,119,142       35    108.8      151
02_029_B_S169.R1.fq.gz   FASTQ   DNA    9,582,101  1,053,198,037       35    109.9      151
02_030_A_S168.R1.fq.gz   FASTQ   DNA    1,125,327    123,662,137       35    109.9      151
025_001_A_S30.R1.fq.gz   FASTQ   DNA   13,441,685  1,435,722,800       35    106.8      151
025_003_A_S31.R1.fq.gz   FASTQ   DNA    4,489,680    509,075,688       35    113.4      151
03_001_B_S93.R1.fq.gz    FASTQ   DNA   11,066,599  1,214,455,530       35    109.7      151
03_008_B_S94.R1.fq.gz    FASTQ   DNA    7,783,106    880,608,957       35    113.1      151
04_003_B_S78.R1.fq.gz    FASTQ   DNA    3,968,935    422,953,081       35    106.6      151
05_001_A_S142.R1.fq.gz   FASTQ   DNA    6,984,157    737,165,525       35    105.5      151
05_005_A_S143.R1.fq.gz   FASTQ   DNA    6,617,577    702,205,791       35    106.1      151
05_007_A_S144.R1.fq.gz   FASTQ   DNA    4,198,828    435,451,429       35    103.7      151
05_008_A_S145.R1.fq.gz   FASTQ   DNA    5,399,021    565,980,612       35    104.8      151
06_004_A_S199.R1.fq.gz   FASTQ   DNA    3,048,347    324,117,999       35    106.3      151
06_004_B_S200.R1.fq.gz   FASTQ   DNA    9,618,332  1,033,379,360       35    107.4      151
06_007_A_S201.R1.fq.gz   FASTQ   DNA    2,288,202    244,645,724       35    106.9      151
06_014_A_S203.R1.fq.gz   FASTQ   DNA    2,775,520    299,761,288       35      108      151
06_05_A_S202.R1.fq.gz    FASTQ   DNA    1,237,457    130,501,765       35    105.5      151
07_001_A_S128.R1.fq.gz   FASTQ   DNA    5,019,347    555,389,973       35    110.6      151
07_002_A_S129.R1.fq.gz   FASTQ   DNA    3,237,145    351,768,859       35    108.7      151
07_003_A_S130.R1.fq.gz   FASTQ   DNA    1,962,708    207,763,577       35    105.9      151
07_004_A_S131.R1.fq.gz   FASTQ   DNA    6,475,169    714,255,581       35    110.3      151
07_005_A_S132.R1.fq.gz   FASTQ   DNA    4,312,103    487,789,815       35    113.1      151
07_007_A_S133.R1.fq.gz   FASTQ   DNA    7,119,452    803,416,074       35    112.8      151
07_008_A_S134.R1.fq.gz   FASTQ   DNA    2,612,868    291,891,057       35    111.7      151
07_009_A_S135.R1.fq.gz   FASTQ   DNA    4,906,931    539,377,504       35    109.9      151
07_013_A_S136.R1.fq.gz   FASTQ   DNA    4,408,681    484,331,793       35    109.9      151
07_015_A_S137.R1.fq.gz   FASTQ   DNA    2,447,258    280,428,105       35    114.6      151
07_017_A_S138.R1.fq.gz   FASTQ   DNA    6,609,584    721,843,445       35    109.2      151
07_021_A_S139.R1.fq.gz   FASTQ   DNA    4,897,764    549,239,003       35    112.1      151
07_022_A_S140.R1.fq.gz   FASTQ   DNA    3,368,909    374,924,358       35    111.3      151
07_024_A_S141.R1.fq.gz   FASTQ   DNA    5,239,487    581,431,145       35      111      151
08_001_A_S43.R1.fq.gz    FASTQ   DNA    4,647,526    534,387,690       35      115      151
08_003_A_S44.R1.fq.gz    FASTQ   DNA    9,911,762  1,112,774,826       35    112.3      151
08_004_A_S45.R1.fq.gz    FASTQ   DNA    2,263,358    253,978,629       35    112.2      151
08_005_A_S47.R1.fq.gz    FASTQ   DNA      923,600    104,465,596       35    113.1      151
08_005_B_S46.R1.fq.gz    FASTQ   DNA    4,079,971    464,049,141       35    113.7      151
08_006_A_S48.R1.fq.gz    FASTQ   DNA      679,403     77,489,519       35    114.1      151
08_007_A_S49.R1.fq.gz    FASTQ   DNA      962,323    110,415,911       35    114.7      151
08_008_A_S50.R1.fq.gz    FASTQ   DNA    2,212,900    253,271,444       35    114.5      151
08_010_A_S52.R1.fq.gz    FASTQ   DNA    3,713,862    422,886,897       35    113.9      151
08_010_B_S51.R1.fq.gz    FASTQ   DNA    1,840,693    210,863,786       35    114.6      151
08_012_A_S53.R1.fq.gz    FASTQ   DNA    5,769,469    644,500,749       35    111.7      151
08_013_A_S54.R1.fq.gz    FASTQ   DNA    1,924,679    213,986,981       35    111.2      151
08_016_A_S55.R1.fq.gz    FASTQ   DNA    1,627,556    184,655,677       35    113.5      151
08_017_A_S56.R1.fq.gz    FASTQ   DNA    5,770,958    664,335,295       35    115.1      151
08_018_A_S57.R1.fq.gz    FASTQ   DNA    4,823,151    554,822,654       35      115      151
08_019_A_S58.R1.fq.gz    FASTQ   DNA    2,157,892    249,369,865       35    115.6      151
08_020_A_S59.R1.fq.gz    FASTQ   DNA    2,025,528    228,577,852       35    112.8      151
08_025_A_S61.R1.fq.gz    FASTQ   DNA      759,712     86,554,434       35    113.9      151
08_025_B_S60.R1.fq.gz    FASTQ   DNA    3,139,030    356,191,419       35    113.5      151
08_026_A_S62.R1.fq.gz    FASTQ   DNA      486,286     54,471,554       35      112      151
08_027_A_S63.R1.fq.gz    FASTQ   DNA      765,470     86,849,616       35    113.5      151
08_028_A_S64.R1.fq.gz    FASTQ   DNA      766,485     87,208,715       35    113.8      151
08_029_A_S65.R1.fq.gz    FASTQ   DNA    3,225,137    358,220,102       35    111.1      151
08_030_A_S66.R1.fq.gz    FASTQ   DNA    4,330,642    483,769,060       35    111.7      151
08_032_A_S67.R1.fq.gz    FASTQ   DNA    1,911,558    221,197,750       35    115.7      151
08_032_B1_S68.R1.fq.gz   FASTQ   DNA    1,775,132    208,046,465       35    117.2      151
08_032_B2_S69.R1.fq.gz   FASTQ   DNA      797,078     92,988,378       35    116.7      151
08_033_A_S70.R1.fq.gz    FASTQ   DNA    2,380,449    261,673,734       35    109.9      151
08_033_B_S71.R1.fq.gz    FASTQ   DNA   10,599,545  1,186,840,301       35      112      151
08_034_B_S72.R1.fq.gz    FASTQ   DNA    1,446,899    162,775,056       35    112.5      151
08_035_A_S73.R1.fq.gz    FASTQ   DNA    1,651,690    187,531,493       35    113.5      151
09_001_A_S95.R1.fq.gz    FASTQ   DNA      853,662     96,123,596       35    112.6      151
09_002_A_S96.R1.fq.gz    FASTQ   DNA    3,103,017    338,705,389       35    109.2      151
09_003_A_S97.R1.fq.gz    FASTQ   DNA      562,439     64,363,616       35    114.4      151
09_004_A_S98.R1.fq.gz    FASTQ   DNA      400,082     43,844,402       35    109.6      151
09_004_B_S107.R1.fq.gz   FASTQ   DNA    3,282,461    369,849,112       35    112.7      151
09_005_A_S99.R1.fq.gz    FASTQ   DNA    1,874,125    209,045,367       35    111.5      151
09_005_B_S108.R1.fq.gz   FASTQ   DNA    3,907,613    435,091,949       35    111.3      151
09_006_A_S100.R1.fq.gz   FASTQ   DNA      700,332     75,087,224       35    107.2      151
09_006_B_S109.R1.fq.gz   FASTQ   DNA      261,245     28,377,175       35    108.6      151
09_007_A_S101.R1.fq.gz   FASTQ   DNA    1,605,268    184,072,188       35    114.7      151
09_007_B_S110.R1.fq.gz   FASTQ   DNA    1,402,795    159,395,915       35    113.6      151
09_008_A_S102.R1.fq.gz   FASTQ   DNA    1,155,916    130,153,103       35    112.6      151
09_008_B_S111.R1.fq.gz   FASTQ   DNA      906,294    104,929,572       35    115.8      151
09_009_A_S103.R1.fq.gz   FASTQ   DNA    6,398,300    679,542,988       35    106.2      151
09_010_A_S104.R1.fq.gz   FASTQ   DNA   11,461,266  1,201,735,848       35    104.9      151
09_010_B_S112.R1.fq.gz   FASTQ   DNA      322,571     34,160,128       35    105.9      151
09_011_A_S105.R1.fq.gz   FASTQ   DNA    3,275,810    364,240,952       35    111.2      151
09_011_B_S113.R1.fq.gz   FASTQ   DNA    2,878,044    324,522,593       35    112.8      151
09_012_A_S106.R1.fq.gz   FASTQ   DNA   10,857,168  1,195,407,126       35    110.1      151
10_003_A_S179.R1.fq.gz   FASTQ   DNA    5,322,490    597,001,413       35    112.2      151
10_005_A1_S182.R1.fq.gz  FASTQ   DNA    8,888,886    985,672,082       35    110.9      151
10_005_A2_S183.R1.fq.gz  FASTQ   DNA    4,286,729    469,976,797       35    109.6      151
10_007_A1_S187.R1.fq.gz  FASTQ   DNA      978,444    111,654,460       35    114.1      151
10_007_A2_S188.R1.fq.gz  FASTQ   DNA    3,342,879    371,628,912       35    111.2      151
10_008_A_S184.R1.fq.gz   FASTQ   DNA   12,574,669  1,368,717,195       35    108.8      151
10_010_A_S186.R1.fq.gz   FASTQ   DNA       52,787      5,633,438       35    106.7      151
10_018_A_S185.R1.fq.gz   FASTQ   DNA    2,014,142    219,328,735       35    108.9      151
10_023_A_S181.R1.fq.gz   FASTQ   DNA    1,356,998    154,558,115       35    113.9      151
10_026_A_S180.R1.fq.gz   FASTQ   DNA    2,960,592    333,340,929       35    112.6      151
11_002_A_S79.R1.fq.gz    FASTQ   DNA    1,291,378    146,737,405       35    113.6      151
11_005_A_S80.R1.fq.gz    FASTQ   DNA    2,827,179    309,329,203       35    109.4      151
11_006_A_S81.R1.fq.gz    FASTQ   DNA    5,794,145    630,248,488       35    108.8      151
11_007_A_S82.R1.fq.gz    FASTQ   DNA    4,489,731    506,059,446       35    112.7      151
11_008_A_S83.R1.fq.gz    FASTQ   DNA    1,884,454    207,837,800       35    110.3      151
11_010_A_S84.R1.fq.gz    FASTQ   DNA    2,407,036    271,914,662       35      113      151
11_011_A_S85.R1.fq.gz    FASTQ   DNA    2,721,799    308,280,023       35    113.3      151
11_012_A_S86.R1.fq.gz    FASTQ   DNA    1,175,281    133,686,802       35    113.7      151
11_014_A_S87.R1.fq.gz    FASTQ   DNA    1,980,606    224,753,886       35    113.5      151
11_015_A_S88.R1.fq.gz    FASTQ   DNA    2,770,262    273,082,139       35     98.6      151
11_016_A_S89.R1.fq.gz    FASTQ   DNA      357,815     38,620,681       35    107.9      151
11_017_A_S90.R1.fq.gz    FASTQ   DNA    1,917,516    218,274,618       35    113.8      151
11_018_A_S91.R1.fq.gz    FASTQ   DNA    1,044,580    110,492,455       35    105.8      151
11_019_A_S92.R1.fq.gz    FASTQ   DNA    2,096,447    224,581,822       35    107.1      151
12_003_A_S38.R1.fq.gz    FASTQ   DNA      782,382     88,815,363       35    113.5      151
12_005_A_S39.R1.fq.gz    FASTQ   DNA    2,824,341    312,185,348       35    110.5      151
12_006_A_S40.R1.fq.gz    FASTQ   DNA      345,929     38,990,559       35    112.7      151
12_008_A_S41.R1.fq.gz    FASTQ   DNA    1,878,269    212,902,863       35    113.4      151
12_009_A_S42.R1.fq.gz    FASTQ   DNA    1,734,543    193,796,304       35    111.7      151
13_002_A_S197.R1.fq.gz   FASTQ   DNA    1,953,464    218,582,406       35    111.9      151
13_004_A_S196.R1.fq.gz   FASTQ   DNA    1,722,341    192,645,355       35    111.9      151
13_007_A_S195.R1.fq.gz   FASTQ   DNA      997,076    104,051,518       35    104.4      151
13_009_B_S194.R1.fq.gz   FASTQ   DNA    1,867,846    205,194,460       35    109.9      151
13_012_B_S193.R1.fq.gz   FASTQ   DNA    2,827,162    302,317,443       35    106.9      151
13_016_A_S192.R1.fq.gz   FASTQ   DNA    1,940,982    217,770,987       35    112.2      151
13_020_A_S191.R1.fq.gz   FASTQ   DNA      547,318     61,295,066       35      112      151
13_021_A_S190.R1.fq.gz   FASTQ   DNA    4,291,814    466,395,475       35    108.7      151
13_022_B_S189.R1.fq.gz   FASTQ   DNA    4,039,220    447,025,980       35    110.7      151
14_005_A_S32.R1.fq.gz    FASTQ   DNA      925,168    106,575,314       35    115.2      151
14_007_A_S33.R1.fq.gz    FASTQ   DNA    5,959,867    677,210,919       35    113.6      151
14_008_A_S34.R1.fq.gz    FASTQ   DNA    3,545,456    391,272,803       35    110.4      151
14_010_A_S35.R1.fq.gz    FASTQ   DNA    1,326,344    143,632,852       35    108.3      151
14_011_A_S36.R1.fq.gz    FASTQ   DNA    2,882,344    326,135,514       35    113.1      151
14_012_A_S37.R1.fq.gz    FASTQ   DNA    2,437,667    279,437,153       35    114.6      151
15_001_A_S123.R1.fq.gz   FASTQ   DNA    3,970,322    442,174,232       35    111.4      151
15_006_A_S124.R1.fq.gz   FASTQ   DNA    7,970,696    872,321,765       35    109.4      151
15_008_A_S125.R1.fq.gz   FASTQ   DNA    7,301,828    815,008,761       35    111.6      151
16_001_A_S122.R1.fq.gz   FASTQ   DNA    8,794,135    943,614,519       35    107.3      151
17_001_A_S147.R1.fq.gz   FASTQ   DNA    6,472,678    747,605,279       35    115.5      151
17_002_A_S148.R1.fq.gz   FASTQ   DNA      255,076     27,405,882       35    107.4      151
17_004_A_S149.R1.fq.gz   FASTQ   DNA    2,473,184    285,795,914       35    115.6      151
17_005_A_S150.R1.fq.gz   FASTQ   DNA    3,254,297    366,319,402       35    112.6      151
17_006_A_S151.R1.fq.gz   FASTQ   DNA    7,491,235    823,805,185       35      110      151
17_007_B_S152.R1.fq.gz   FASTQ   DNA    3,697,609    422,322,193       35    114.2      151
19_001_A_S198.R1.fq.gz   FASTQ   DNA       12,046      1,303,506       35    108.2      151
20_002_A_S146.R1.fq.gz   FASTQ   DNA    5,694,748    608,542,312       35    106.9      151
22_002_A_S74.R1.fq.gz    FASTQ   DNA    7,711,195    854,493,081       35    110.8      151
22_007_A_S75.R1.fq.gz    FASTQ   DNA      599,135     63,584,233       35    106.1      151
22_010_A_S76.R1.fq.gz    FASTQ   DNA    2,051,653    228,580,066       35    111.4      151
22_012_A_S77.R1.fq.gz    FASTQ   DNA    2,544,203    290,851,856       35    114.3      151
23_001_B_S154.R1.fq.gz   FASTQ   DNA   11,903,988  1,293,811,699       35    108.7      151
23_003_A_S153.R1.fq.gz   FASTQ   DNA   11,848,019  1,281,337,169       35    108.1      151
24_001_A_S114.R1.fq.gz   FASTQ   DNA    4,385,436    491,046,183       35      112      151
24_002_A1_S115.R1.fq.gz  FASTQ   DNA    1,161,978    128,807,177       35    110.9      151
24_005_A_S126.R1.fq.gz   FASTQ   DNA    1,406,116    157,481,170       35      112      151
24_009_A_S116.R1.fq.gz   FASTQ   DNA    2,027,853    222,457,334       35    109.7      151
24_010_A_S117.R1.fq.gz   FASTQ   DNA    7,028,798    758,364,112       35    107.9      151
24_012_B_S118.R1.fq.gz   FASTQ   DNA    9,318,614  1,027,992,435       35    110.3      151
24_016_A_S119.R1.fq.gz   FASTQ   DNA    6,763,540    710,756,906       35    105.1      151
24_017_A1_S127.R1.fq.gz  FASTQ   DNA      814,734     90,200,997       35    110.7      151
24_017_A2_S120.R1.fq.gz  FASTQ   DNA    6,992,547    735,887,797       35    105.2      151
24_018_A_S121.R1.fq.gz   FASTQ   DNA    8,383,426    869,997,936       35    103.8      151
